seed = 3
ll = -393.500732
loss_zeroone = 0.217172
loss_symmetric = 0.147709
fscore = 0.613563
clusters = [[861,863,729,867,776,872,703,873,874,828,876,747,877,878,882,885,886,887,888,889,825,804,856],[810,769,840,697,708,819,800,828,830,713,745,747,823,772,719,774,805,856],[811,769,861,840,863,729,697,869,708,819,703,800,828,830,876,747,878,880,882,753,823,886,888,889,890,774,803,804,805,856]]
theta = [[0.000000,1.884542,30077811279905423360.000000,0.878934,-0.000000,1.539678,-0.000191,-1.422753,-0.000000,-1.637824,0.000000,-1.323954,0.000000,-0.697360,-96114436007264256.000000,-1.651120,-0.000000,1.138513,-1923.989746,1.509903,-0.000000,-1.698773,-449737031417856.000000,-0.454962,-263390255034577502494026366976.000000,1.778682,197794067023508013056.000000,-1.045450,-43719920437675687936.000000,-1.142908,0.000000,-1.386843,-27254071459053568.000000,-1.677016,0.000000,1.522363,30423.263672,1.424582,-31810720792367642006838220464255401984.000000,0.715272,-2787829914665118578245632.000000,1.507640,-0.000000,1.287063,33604679761920.000000,-1.389357,-0.000000,-1.521002,1170.877686],[1.434506,58710124172148736.000000,-1.045051,1420723408733618074288128.000000,1.346842,-1714176.750000,1.546048,4589931638124082118053224895217664.000000,1.651726,-0.000000,-1.131121,-14.127940,-0.640677,0.000000,0.706913,-491814788066436972544.000000,1.266364,-3029147223041474954684006400.000000,1.408235,-754292625378348334317568.000000,-1.526985,-67587039850279392791375948204212224.000000,1.395837,-19207745536.000000,-1.485064,918542074322687992266752.000000,-0.578055,-491814788066436972544.000000,1.266364,-0.000000,-0.637270,-1179846204610337308672.000000,0.663130,-0.000000,-0.703260,0.000000,-1.515116,1611576.000000,1.255559,0.000000,1.449287,6824.147949,-1.532986,-1875272531968.000000,-1.303653,212231121094784939864618958848.000000,1.392241,-0.000000,1.415039],[0.000000,1.892766,0.000000,1.509064,0.000000,-1.144486,-0.000029,1.511974,0.000000,1.599463,0.000000,-1.657462,-0.000000,1.124358,37046095755297893138825216.000000,1.437838,-2.352882,1.639647,-0.000000,-1.188355,-366356987904.000000,1.407061,352.158081,1.533230,599368640.000000,1.263400,39178280632320.000000,-0.647867,0.000000,1.701765,0.000000,-1.405530,-183417753115283251421899653120.000000,1.454075,1839023616.000000,0.491330,-0.000000,-1.339506,-0.000000,-1.367302,0.000000,1.044271,1.693941,-1.517037,-370227455983616.000000,-1.623605,-0.000000,1.475338,-148707417136518135808.000000]]
alpha = [9026.287109,1.879149,142972878848.000000]
runtime = 2.583036
