seed = 0
ll = -17.683588
loss_zeroone = 0.392157
loss_symmetric = 0.407341
fscore = 0.473193
clusters = [[769,840,697,708,819,800,828,830,713,745,747,823,719,774,805,856],[769,840,819,745,772],[840,697,708,819,800,828,830,713,747,823,856]]
theta = [[1.120840,0.525467,-0.202093,0.326485,0.326485,-0.202093,0.000000,-0.003070,-0.179908,0.000000,-0.004719,0.000000,-0.202093,0.002507,0.000196,-0.003070,0.151316,0.000000,0.000000,0.000000,0.002926,-0.202093,-0.202093,0.000196,0.060501,0.287696,0.000000,0.013987,0.000164,-0.002947,0.000000,0.060501,0.000000,0.002903,-0.003518,-0.003518,0.001656,0.000000,0.000000,0.000000,0.000000,0.000000,0.001026,0.000000,0.000000,0.000000,0.001026,0.000000,0.000000],[-0.541872,0.032203,0.000320,-0.118480,-0.118480,0.000320,0.000000,-0.326037,0.000854,0.000000,0.001293,0.000000,0.000320,-0.613681,-0.046175,-0.326037,-0.133987,0.000000,0.000000,0.000000,-0.000192,0.000320,0.000320,-0.046175,0.000551,-0.009709,0.000000,0.052388,0.474061,0.003348,0.000000,0.000551,0.000000,0.000676,-0.176975,-0.176975,0.010628,0.000000,0.000000,0.000000,0.000000,0.000000,-0.004140,0.000000,0.000000,0.000000,-0.004140,0.000000,0.000000],[0.068358,0.051291,0.003012,0.000304,0.000304,0.003012,0.000000,0.267806,0.190011,0.000000,0.063538,0.000000,0.003012,0.001493,0.033248,0.267806,-0.001307,0.000000,0.000000,0.134946,-0.251973,0.003012,0.003012,0.033248,-0.022856,-0.001690,0.000000,0.155974,0.647586,-0.872427,0.000000,-0.022856,0.000000,-0.067623,-0.294272,-0.294272,0.001258,0.000000,0.000000,0.000000,0.000000,0.000000,-0.002171,0.000000,0.000000,0.000000,-0.002171,0.000000,0.000000]]
alpha = [1.245806,1.743282,2.461602]
runtime = 0.177684
