seed = 0
ll = -121.105888
loss_zeroone = 0.252874
loss_symmetric = 0.189087
fscore = 0.689394
clusters = [[769,840,697,708,819,703,800,828,830,747,880,753,823,774,805,856],[861,863,729,876,747,878,882,753,886,888,889,804,856],[769,840,697,869,708,819,800,828,830,747,823,890,774,803,804,805]]
theta = [[1.097269,0.028773,0.000499,0.351074,0.312350,-0.044407,0.000000,-0.251005,0.342077,0.000000,0.032548,0.000039,-0.000283,0.163935,0.114008,-0.052017,0.280211,0.000000,0.000000,0.000000,-0.126516,0.093505,-0.180445,0.093505,-0.001071,0.000435,0.000793,0.043748,0.132305,0.415689,0.000274,-0.001071,0.000000,-0.222783,0.154029,0.154029,-0.052746,-0.000099,0.000000,0.000000,0.000000,0.000000,0.246200,0.762189,0.000000,0.000000,0.125710,0.000000,0.000000],[1.432133,0.065545,0.262061,-0.230238,-0.056395,0.196659,0.000000,-0.032871,0.009631,0.000000,-0.001850,0.096472,0.319688,0.028123,-0.000503,0.000960,-0.009186,0.000000,0.000000,0.000000,0.131308,-0.000174,-0.154329,-0.000174,-0.034976,-0.136244,0.001429,0.352469,0.284732,-0.000251,-0.000013,-0.034976,0.762189,0.000700,-0.000871,-0.000871,-0.283592,0.260450,0.000000,0.000000,0.000000,0.000000,0.011319,0.000000,0.000000,0.000000,-0.000823,0.000000,0.000000],[0.347289,0.000816,-0.627112,0.067135,0.269486,-0.634765,0.000000,-0.000025,-0.010031,0.000000,0.158920,0.000594,-0.186749,0.067055,-0.082229,-0.001495,0.232268,0.000000,0.000000,0.000000,-0.000971,-0.092693,-0.061487,-0.092693,0.001208,0.186599,-0.011923,0.310963,0.000239,-0.000526,0.002034,0.001208,0.000000,0.000651,-0.046020,-0.046020,0.341873,-0.000037,0.762189,0.000000,0.000000,0.000000,0.067009,0.000000,0.000000,0.000000,-0.000096,0.000000,0.000000]]
alpha = [0.846744,0.705051,1.415379]
runtime = 0.297162
