seed = 1
ll = -2560.581543
loss_zeroone = 0.150943
loss_symmetric = 0.115844
fscore = 0.751362
clusters = [[580,373,465,378,107,591,391,394,400,601,412,604,606,423,428,431,348,434,614,436,363,438,483,514,461,553,370,637,475,641,496,645,646,492,374,500,651,506,376,515,524,567,542,669,544,422,676,395,556,559,561,513,563,566,683],[573,574,575,579,588,589,590,592,596,597,598,603,605,609,611,612,617,618,619,620,623,625,626,630,553,633,636,644,653,654,664,666,422,672,677,678,395,680,682,684,685],[576,577,578,580,582,373,465,378,591,595,391,599,400,600,412,604,423,428,431,348,434,615,436,363,438,483,627,514,628,461,632,553,634,370,635,475,640,496,643,492,374,647,500,650,651,506,376,515,658,659,661,662,665,524,567,542,669,544,670,675,395,559,681,561,513,566,683]]
theta = [[0.899825,-0.037422,-0.005529,-0.129405,0.043470,-0.039945,0.052477,0.026350,-0.000041,0.206208,0.000012,0.013952,0.111817,-0.015387,0.051783,0.116974,-0.078494,-0.081007,0.042835,0.039227,-0.141134,0.128573,-0.052468,0.005091,-0.056964,-0.012378,0.007284,-0.001393,0.108802,-0.042500,-0.001733,-0.000903,-0.022456,0.067486,0.013394,0.064195,0.073953,0.026067,0.012741,-0.174115,0.004225,-0.102042,-0.083841,0.000744,0.678703,0.199957,-0.063250,0.127577,-0.029110,-0.041641,0.870952,0.053364,0.109138,-0.096057,-0.111264,-0.055926,-0.032948,-0.026609,0.105059,-0.077212,-0.011617,-0.051191,0.047171,0.045225,-0.014108,0.014740,0.095505,0.014693,-0.099328,0.064195,0.010268,-0.008010,-0.171126,0.059987,0.072538,0.003552,-0.124453,-0.048281,-0.253926,0.007395,0.075768,0.018298,-0.001287,0.301855,0.278353,0.221227,0.095877,-0.003167,-0.241743,0.045225,-0.077254,-0.021309,0.060012,-0.101685,0.006122,0.013378,-0.010698,0.008451,0.014934,-0.060289,-0.052637,-0.097913,-0.018596,0.022582,-0.001938,0.000884],[1.025088,-0.052570,0.028165,-0.051891,-0.023045,-0.038023,0.032594,-0.000883,0.063829,-0.021635,0.068831,0.070450,-0.087478,-0.009549,0.021733,-0.006325,0.102235,0.055177,-0.023699,-0.011563,0.062458,-0.013452,-0.037866,0.055580,0.072671,0.135678,0.060836,-0.000499,0.125650,0.835370,-0.000814,-0.064995,0.009845,-0.074457,0.011274,-0.013131,0.026398,0.030550,0.092453,0.161621,0.009949,0.046468,0.068251,0.012997,0.368292,0.230325,0.121730,-0.025571,0.033932,0.038182,0.142855,-0.052734,-0.097024,0.103204,0.114520,-0.057007,-0.084693,0.029988,-0.037473,0.068812,-0.007862,-0.040677,-0.049095,-0.025305,-0.019469,-0.004804,-0.006006,0.031935,-0.041880,-0.013131,0.012016,0.000761,0.078667,-0.000108,-0.023378,0.000952,0.025019,-0.054514,0.030344,-0.013315,0.000015,0.013482,0.073549,0.205261,0.211269,0.170630,-0.019332,-0.000970,0.037734,-0.025305,-0.063386,0.040246,0.032603,0.007069,0.034548,-0.044583,0.068147,-0.027292,-0.020683,0.056810,-0.042210,0.045125,-0.053471,-0.037110,-0.000744,-0.005783],[1.070838,0.041597,0.180002,0.075782,0.873055,-0.037719,0.020575,0.001223,-0.097622,-0.031000,-0.003396,-0.057850,0.052499,-0.073647,0.005884,-0.001285,-0.094874,-0.022530,0.004152,-0.026190,-0.031652,-0.044681,0.040790,-0.100559,0.012451,-0.029268,-0.047434,-0.021336,-0.057029,-0.040170,0.043158,-0.000152,-0.000468,-0.006583,0.011225,-0.038065,-0.012298,0.114742,-0.046176,-0.150541,-0.034030,-0.084671,0.001035,0.000042,-0.147805,-0.120236,0.090465,0.122066,0.034410,-0.010145,-0.103127,-0.026229,0.063278,-0.133080,0.026605,0.040620,0.012815,-0.060022,0.165826,0.096262,0.010410,-0.052204,0.017654,-0.025114,0.090852,0.105668,0.025070,0.057620,-0.075841,-0.038065,0.077929,0.047721,-0.020098,0.043767,-0.012825,0.001300,0.004830,-0.040998,-0.103931,-0.030659,0.000015,0.013641,-0.001654,-0.048920,-0.070687,-0.167042,-0.013941,-0.053517,0.001430,-0.025114,-0.063005,-0.019781,-0.018329,0.048262,0.003699,-0.044101,-0.097999,-0.059354,-0.076924,-0.052462,0.091278,0.151751,0.081543,-0.036577,-0.032421,-0.024535]]
alpha = [1.203061,0.849697,0.817939]
runtime = 80.579643
