seed = 0
ll = -36.112846
loss_zeroone = 0.287879
loss_symmetric = 0.183793
fscore = 0.713333
clusters = [[863,729,876,878,882,886,888,889,804,856],[863,729,776,874,828,876,747,877,882,887,888,889,825,856],[863,872,873,874,828,876,747,885,887,888,825,804]]
theta = [[1.141273,-0.124978,-0.000775,-0.087932,-0.002954,-0.055637,-0.002098,0.490618,-0.000149,-0.180143,0.490618,0.816133,0.118415,0.471365,0.227920,0.000296,-0.002954,-0.002493,-0.108297,-0.315088,-0.165275,-0.302539,-0.205728,-0.040357,-0.251159,-0.251159,0.000000,-0.195421,-0.195421,0.560273,0.000017,-0.620629,0.000000,0.000000,0.452929,-0.451085,0.002228,0.072507,0.000000,0.481354,0.000000,0.000000,0.001381,-0.160210,0.001942,0.000000,-0.453035,-0.004212,-0.388025],[-0.002982,0.000442,0.002957,-0.087088,-0.002323,0.042818,-0.018486,0.081474,-0.001135,-0.000960,0.081474,0.002178,0.081102,0.002086,0.292930,0.000871,-0.002323,-0.001551,0.002718,-0.001146,-0.002094,-0.001618,0.084306,0.055751,-0.000063,-0.000063,0.000000,0.074860,-0.307372,-0.125166,0.002178,-0.082609,0.000000,0.000000,0.214758,0.001538,0.063122,-0.000078,0.000000,-0.001226,0.000000,0.000000,-0.000065,0.001354,0.000050,0.000000,0.000599,0.001705,-0.001606],[-0.200437,-0.001873,-0.267027,-0.212834,0.001337,-0.278283,-0.002503,0.332068,-0.073900,-0.110507,0.332068,0.042792,-0.037421,-0.930534,0.362985,0.404964,0.001337,-0.000379,-0.771129,0.042388,-0.001656,0.095832,-0.125130,-0.001071,0.000675,0.000675,0.000000,0.168076,0.168076,-0.496057,0.042792,0.002492,0.000000,0.000000,0.314153,-0.000021,-0.355908,0.262458,0.000000,0.497375,0.000000,0.690080,0.310548,-0.000628,0.100969,0.000000,-0.150564,0.000371,0.000456]]
alpha = [2.278453,0.799070,2.224574]
runtime = 0.137613
