seed = 4
ll = -3355.025146
loss_zeroone = 0.282353
loss_symmetric = 0.271955
fscore = 0.651946
clusters = [[690,694,695,696,697,700,705,708,710,713,715,718,719,720,722,723,724,726,731,734,737,738,745,747,748,752,755,756,758,760,761,762,766,770,773,778,781,783,784,787,793,794,795,797,799,800,805,808,809,810,812,813,814,815,817,820,823,824,826,827,828,829,830,831,834,836,842,844,847,849,853],[687,688,693,694,695,696,697,698,701,703,705,706,709,711,713,719,724,726,727,728,731,738,739,741,745,747,751,752,754,760,764,765,766,772,773,774,777,779,780,781,784,792,800,805,807,810,815,819,820,823,824,827,828,829,830,834,835,838,840,842,843,845,847,848,853,856],[687,689,691,697,702,703,705,707,708,709,712,713,714,716,718,719,720,725,728,730,732,733,736,739,741,742,746,747,748,753,754,755,758,759,763,764,767,768,769,770,771,774,779,780,781,782,783,786,787,789,791,792,793,796,797,803,804,805,806,807,809,816,817,818,819,822,823,824,827,828,830,833,835,837,838,839,840,849,850,856]]
theta = [[0.770211,-0.195431,0.156111,0.029499,-0.026976,-0.125860,-0.329552,-0.042255,-0.051655,-0.104087,-0.004854,-0.000043,0.283199,-0.031225,0.220590,-0.005456,0.053926,0.091670,0.175995,-0.004967,0.084917,0.035418,-0.148833,0.152466,-0.024052,-0.228294,0.079117,0.117417,-0.082495,-0.047736,-0.012262,0.041364,-0.124671,-0.093057,-0.037463,0.044996,0.124202,0.030384,-0.065031,-0.094977,-0.087351,-0.046580,0.124947,-0.019062,0.053888,0.042922,-0.100203,0.226029,0.034216,0.876892,-0.055071,0.072215,0.030066,-0.014379,-0.032293,-0.010176,0.072820,0.058799,-0.063273,-0.020397,-0.061961,0.034347,-0.097809,-0.043742],[1.064831,0.037573,-0.021559,0.082104,0.041810,0.009904,-0.107625,-0.104890,-0.050681,0.040762,-0.042208,-0.107391,0.067310,0.044801,0.094409,-0.005192,-0.211910,0.038528,-0.259781,0.027380,-0.077741,-0.069792,-0.028091,0.035623,0.110395,0.082609,0.633309,0.057995,-0.018210,-0.010936,0.189948,-0.103322,-0.053281,-0.020554,-0.000305,0.012598,0.055532,-0.036015,0.005391,-0.134305,0.060796,0.108687,-0.045653,0.033996,-0.043684,0.022350,-0.207129,0.224069,0.035591,-0.002452,0.034646,-0.017625,0.028599,-0.012792,-0.111474,0.170541,-0.050513,-0.017300,0.093827,-0.018232,-0.061595,-0.021826,0.054971,0.077543],[0.771737,0.029320,0.091936,0.049042,0.049550,-0.193522,-0.084226,-0.079419,0.023275,-0.130895,0.110116,-0.007121,-0.118123,-0.033660,-0.002486,0.048050,0.116570,-0.016151,0.083472,0.004731,0.004065,-0.018495,-0.000781,0.197620,0.028810,0.136933,0.104800,0.059619,-0.232942,-0.122306,-0.055171,0.038066,-0.004051,-0.227188,0.048323,-0.155534,0.139129,-0.000589,-0.012136,-0.005449,0.820197,-0.129384,0.027153,0.011401,0.042150,0.199360,0.073232,0.027048,-0.015783,0.162865,0.069169,0.057804,-0.035974,-0.029395,-0.084622,0.036402,-0.131752,0.051753,0.085089,0.070467,0.058792,0.071116,-0.144109,0.044765]]
alpha = [1.582162,1.432109,1.300604]
runtime = 240.569946
